901|1.5        1   0
901|1.5,HN|6   1   1
901|1.5,NT|3   1   1
901|1.5,P6|20  1   0
901|1.5,PLX|60 1   0
901|1.5,RO|3.5 1   0
901|1.5,SR|2.4 1   1
901|1.5,ST|0.6 1   0
901|1.5,Tm|0.3 1   0
901|1.5,ZS|0.6 1   1
901|3          1   1
AK|10          1   0
AK|5           1   0
AK|5,901|1.5   1   1
AK|5,HN|6      1   1
AK|5,NT|3      1   0
AK|5,P6|20     1   0
AK|5,PLX|60    1   0
AK|5,RO|3.5    1   0
AK|5,SR|2.4    1   0
AK|5,ST|0.6    1   1
AK|5,Tm|0.3    1   1
AK|5,ZS|0.6    1   0
HN|12          1   0
HN|6           1   0
HN|6,NT|3      1   0
HN|6,RO|3.5    1   1
HN|6,SR|2.4    1   0
HN|6,Tm|0.3    1   1
NT|3           1   1
NT|3,RO|3.5    1   0
NT|3,SR|2.4    1   1
NT|3,Tm|0.3    1   0
NT|6           1   1
P6|20          1   1
P6|20,HN|6     1   1
P6|20,NT|3     1   0
P6|20,RO|3.5   1   0
P6|20,SR|2.4   1   1
P6|20,ST|0.6   1   1
P6|20,Tm|0.3   1   0
P6|40          1   1
PLX|120        1   0
PLX|60         1   0
PLX|60,HN|6    1   0
PLX|60,NT|3    1   0
PLX|60,P6|20   1   0
PLX|60,RO|3.5  1   0
PLX|60,SR|2.4  1   0
PLX|60,ST|0.6  1   0
PLX|60,Tm|0.3  1   0
RO|3.5         1   0
RO|3.5,Tm|0.3  1   1
RO|7           1   0
RY|2           1   0
RY|2,901|1.5   1   0
RY|2,AK|5      1   1
RY|2,HN|6      1   1
RY|2,NT|3      1   0
RY|2,P6|20     1   0
RY|2,PLX|60    1   0
RY|2,RO|3.5    1   1
RY|2,SR|2.4    1   1
RY|2,ST|0.6    1   0
RY|2,Tm|0.3    1   0
RY|2,ZS|0.6    1   0
SR|2.4         1   1
SR|2.4,RO|3.5  1   0
SR|2.4,Tm|0.3  1   0
SR|4.8         1   0
ST|0.6         1   1
ST|0.6,HN|6    1   0
ST|0.6,NT|3    1   0
ST|0.6,RO|3.5  1   0
ST|0.6,SR|2.4  1   1
ST|0.6,Tm|0.3  1   0
ST|1.2         1   1
Tm|0.3         1   0
Tm|0.6         1   1
ZS|0.6         1   0
ZS|0.6,HN|6    1   0
ZS|0.6,NT|3    1   0
ZS|0.6,P6|20   1   0
ZS|0.6,PLX|60  1   0
ZS|0.6,RO|3.5  1   0
ZS|0.6,SR|2.4  1   0
ZS|0.6,ST|0.6  1   1
ZS|0.6,Tm|0.3  1   0
ZS|1.2         1   0
